v2.0 raw
00000005
00000008
00000005
00000000
00000001
00000000
00000000
00000000
00000001
00000002
00000006
0000004b
00000002
00000006
0000000b
00000001
00000004
00000003
00000001
00000002
00000008
00000002
00000007
00000001
00000006
00000006
0000002d
00000002
00000006
00000001
00000002
00000003
00000001
00000003
00000009
00000002
00000003
00000001
00000004
00000003
00000001
00000006
00000008
00000005
00000019
00000001
00000003
00000002
00000005
00000002
00000003
00000001
00000007
00000005
00000037
00000006
0000004b
00000002
00000007
00000001
00000005
00000003
00000001
00000003
00000009
00000002
00000003
00000001
00000004
00000003
00000001
00000007
00000008
00000005
00000037
00000001
00000003
00000007
00000000